1 0 93.96901475524585
2 0 39.606635561169966
2 1 84.09760972147117
3 0 39.93038789917562
4 0 30.021091939716083
4 1 77.78623545455514
5 0 76.25652784065207
5 1 74.36501665633999
5 2 78.86492087232315
5 3 3.6197374598447287
5 4 68.52145292633341
6 3 66.7967052981061
6 4 2.1540749229667746
6 5 50.492330281522726
7 0 71.99762002585817
7 3 30.60005997060322
7 4 39.54029254836544
7 5 27.89333447391692
7 6 1.94498300935828
8 3 72.98696495743839
8 4 42.993967286812904
8 5 98.54229172557848
8 6 54.8156384590367
8 7 93.45498738690623
9 0 57.79410852887352
9 1 2.3711373605872157
9 2 84.85611423901905
9 3 80.84748526483921
9 4 23.55761341229863
9 5 50.232630993246076
9 6 43.30161210181309
9 7 18.85308880534906
10 0 17.41735770546038
10 1 53.40096922791032
10 5 76.25097987726514
10 7 84.53323363349557
10 8 83.21252176617924
10 9 60.31282954401046
11 0 89.74529610007961
11 1 46.266745973442035
11 2 97.23227929026793
11 3 51.09841337970632
11 4 29.883389822872974
11 5 41.293798818933844
11 6 53.4854289488641
11 7 69.97607630230496
11 8 64.16702434278795
11 9 38.91776200676975
11 10 4.878184361106507
12 0 26.59907516066813
12 1 24.16274955115768
12 2 73.11149624640218
12 4 15.9458552880244
12 6 99.28637584650282
12 7 47.222492021989694
12 9 38.18619666919517
12 11 56.80811172200233
13 0 73.84038126344049
13 1 13.909315142891975
13 2 78.02303793040403
13 3 9.813012241628993
13 4 3.342390656799853
13 6 11.328744683969726
13 8 55.38238764844068
13 9 19.632438457197452
13 10 31.976448830745483
13 11 42.467644207873256
13 12 30.261765096634296
14 0 6.589429518604216
14 1 39.89690382105025
14 2 10.119785065144848
14 3 56.2810669069567
14 4 13.7404243265827
14 5 16.438078663936004
14 6 63.909342004954574
14 8 96.78581239805291
14 9 94.0167036052621
14 10 5.812926240813809
14 11 8.076751002468107
14 13 56.711356823037036
15 0 97.38927659434798
15 2 50.55735783750964
15 3 9.156572111285243
15 4 8.084710678967376
15 5 57.22672331552009
15 8 59.588475652788766
15 10 4.456689673463198
15 12 45.32760121788684
15 13 31.015802821565284
16 0 79.10604061702216
16 3 50.21724964991354
16 4 76.79669002368442
16 5 78.83773176716366
16 7 94.76468217816416
16 8 4.533538326095376
16 9 98.0649632359669
16 10 50.00255937172875
16 11 79.84730649114357
16 13 28.68650253034737
16 14 66.98038535191057
16 15 42.75941484424679
17 0 71.36639704435935
17 1 96.26907258348812
17 2 100.41623537101528
17 3 30.722799363446974
17 4 76.77038025899809
17 7 45.90364542979665
17 8 80.01278188769292
17 9 34.803215862223254
17 10 34.74762296742545
17 11 43.45164984451332
17 12 73.99246700813991
17 13 43.458708308128614
17 14 10.66387072367313
17 15 30.158570544742613
17 16 62.42389691975908
18 0 24.586583271160823
18 2 7.621033656654585
18 3 58.053695701157935
18 4 47.94456582321408
18 5 26.673060516736246
18 6 82.77888485774386
18 7 61.708289283456054
18 8 33.36345500793344
18 9 25.20376557593601
18 10 18.45667984856577
18 11 87.0549293602583
18 12 31.16757324261572
18 13 23.638708014308662
18 16 1.6697166014164813
19 0 44.650142386794755
19 2 97.57922111065822
19 3 45.381944839483886
19 4 1.2987658876295152
19 9 37.56637081747899
19 11 84.33291375647656
19 13 63.77784222450992
19 15 33.036862077139304
19 16 12.58204817364361
19 18 70.82307028693786
20 0 64.15771675702509
20 2 73.51920428414299
20 3 26.923767446855116
20 4 13.068596008639144
20 6 1.9213944975562716
20 7 74.7792720700681
20 8 77.03824826016809
20 10 53.25707347309444
20 11 70.12196260819992
20 12 11.617642274809702
20 13 70.83591061468536
20 15 16.203947121538917
20 17 21.496151472886236
20 18 63.708705609699145
20 19 64.94704464145144
21 1 11.604480148479256
21 3 31.295991298355197
21 4 24.644317860799113
21 5 8.893840592296463
21 6 28.952269667561637
21 7 25.199883199803573
21 8 65.94563318883178
21 9 22.364110272082716
21 10 79.21745574388788
21 11 91.6466333169245
21 12 49.38506188639292
21 14 100.60755088780465
21 16 36.31902952724708
21 17 33.623215589098685
21 18 88.10975377319443
21 19 35.43484288926645
22 0 20.37492570194396
22 1 33.942599379610996
22 2 40.1084589719393
22 3 42.350341430778705
22 5 38.86101182894568
22 8 74.06019911800666
22 9 69.93933844611666
22 11 21.30154561054358
22 12 17.990818134953866
22 13 62.16341132551468
22 14 38.01755631510307
22 16 29.22958815396528
22 17 95.68420340165055
22 18 36.93715576499139
22 19 15.794922980159008
22 20 48.120203053808666
23 0 3.2742606882316663
23 1 42.46119330340463
23 3 97.97890749014665
23 4 100.28073219196101
23 5 24.45290882585941
23 6 45.491625216738115
23 9 71.8500809193226
23 10 75.22852225509087
23 12 49.626170211193674
23 13 2.732527751972124
23 15 51.89215902181539
23 16 94.12381389820364
23 18 14.540283706040812
24 0 56.031571864900165
24 1 77.91704424399009
24 2 58.999521695429046
24 3 46.88080266633254
24 4 18.700250360902825
24 5 42.524989186656654
24 6 45.083238532653255
24 7 72.9908496533944
24 8 36.38840038758626
24 9 35.88476017005166
24 13 66.28380089876119
24 16 43.84240113896465
24 17 10.454790196509965
24 18 1.4771479836157222
24 21 100.86599936648238
24 22 78.31100068552034
24 23 67.35237322788836
