1 0 76.7248041341125
2 0 78.92202629774798
2 1 80.02562342629292
3 0 98.78121208292254
3 1 43.91147596335647
3 2 58.60094227996916
4 2 87.86526418934145
4 3 5.214559521057715
5 2 9.875525518213834
5 3 76.7424683164329
5 4 62.29349355107492
6 0 7.449286030110413
6 1 63.2678957118194
6 2 25.416398506311243
6 3 86.7116061575293
6 4 98.77708653239412
6 5 52.64914793534686
7 0 70.31057029717388
7 3 22.452188836662867
7 5 62.62269618345329
7 6 49.25644483117614
8 0 85.34291000934351
8 1 46.51872782934014
8 3 71.16995827213755
8 4 82.53622768101191
8 5 95.43273659628834
8 6 85.08256657419783
8 7 88.88401627944756
9 1 64.97935748762825
9 2 50.90322895691336
9 3 43.747359241809676
9 4 42.13604626199238
9 5 61.83245927882709
9 6 27.787035874201525
9 7 51.08714465611499
9 8 32.64968514944863
10 0 37.06263040735631
10 1 52.96320050977394
10 3 82.56053667537199
10 4 33.17474032039256
10 6 21.722477482758737
10 8 63.164418632443244
10 9 70.85432494391776
11 0 64.93035200528908
11 2 22.673887144781844
11 3 81.51258451342493
11 4 68.24316715200158
11 5 80.07787570951855
11 6 87.82389445183514
11 7 11.067117898646972
11 8 66.36626447166633
11 9 39.982977468075944
11 10 7.83019793025551
12 0 65.74662196233669
12 1 68.38761430643244
12 2 13.263382207417584
12 4 10.533885945297637
12 5 56.187557369399286
12 6 14.044295609434364
12 7 1.89750240215265
12 8 42.497854102695186
12 10 29.678214074733155
12 11 58.40855181626971
13 1 74.13399263064483
13 2 18.331403678973302
13 3 62.336319898772906
13 4 79.40080405755899
13 5 74.07386249000898
13 6 54.10715772742305
13 8 29.35318296709135
13 9 73.44339343041901
13 10 89.56144027858825
13 11 62.61245070993824
13 12 35.71266943273263
14 2 98.10084285541231
14 3 100.8035896315533
14 4 18.591295944499265
14 5 26.51604854773538
14 7 45.48089639476913
14 8 28.672858837235292
14 9 14.562816895739848
14 10 54.89070784767848
14 12 57.86399622092646
15 0 82.9986471726755
15 1 58.48436003415397
15 2 67.17306909757463
15 3 11.817628530100642
15 6 42.24659589025974
15 7 41.93783721206542
15 8 3.7949113807516857
15 10 8.696625701795767
15 11 62.17132255051509
15 14 85.17458823655824
16 0 71.694424206933
16 1 54.6251457735219
16 3 80.59576949777517
16 5 24.388277970626703
16 6 99.06723588090608
16 7 94.5780757480432
16 8 8.684486591795359
16 10 81.61093466393335
16 12 19.692869067467743
16 14 50.664920880572495
16 15 32.42923989365485
17 0 26.854631125729853
17 1 27.981334490016362
17 2 8.397141630787251
17 3 3.9811686577400742
17 5 39.254229645220505
17 6 37.366453302821434
17 7 77.65249460677833
17 8 35.91164079475646
17 9 93.89097366651492
17 10 53.328324930151446
17 11 58.59445233632389
17 12 8.049711119801326
17 13 62.62592928830583
17 14 20.503742598844266
17 15 97.69268552010953
18 0 20.431926638273232
18 1 76.64323193033381
18 2 81.59769229238019
18 3 1.5430934518084185
18 4 36.20830009111114
18 5 97.1229427544034
18 6 96.52070383536321
18 7 84.76909797638767
18 8 44.36010784741392
18 10 66.37766732589058
18 14 94.34135723736114
18 15 52.138898413092605
18 16 1.7660791406502443
19 1 79.71439424738253
19 2 48.82030228493418
19 3 40.15838710091316
19 4 88.67891889286736
19 5 98.06859352492934
19 6 14.611330350072116
19 7 44.0686833276029
19 9 40.29070737779242
19 10 50.3099926237329
19 11 36.959162969503765
19 12 74.47165893274521
19 13 11.244914990500497
19 14 66.81549715689646
19 15 20.781900572023105
19 16 72.70348912741098
19 17 31.858193169806793
19 18 7.462253423589203
20 1 38.67935314806836
20 2 96.41482720882077
20 3 75.67342371780859
20 5 72.10793352596376
20 6 60.213444373736614
20 7 58.61733844659276
20 8 93.30620349384661
20 10 40.57737361575654
20 12 85.51095091156137
20 15 10.305268818365043
20 17 93.37285292457243
20 18 12.235328101528586
20 19 71.60706981707601
21 2 38.521216035716364
21 4 31.793750493591286
21 5 65.94587645104826
21 6 54.90181866311511
21 10 38.003442931296824
21 11 68.3754369299375
21 12 24.432777072680476
21 14 61.25553357471909
21 15 30.549642345518855
21 16 9.979462741888078
21 17 19.357056691510408
21 18 90.26527342254417
21 19 89.60964457749193
21 20 33.58505530359107
22 0 84.88299665494358
22 1 78.82358801947072
22 2 37.825222251469015
22 3 49.33712257155032
22 4 73.98178051378538
22 5 49.92382962570344
22 8 61.77295208037822
22 9 59.844829294224475
22 10 51.44791782432544
22 11 96.86400073079807
22 12 38.57204326626882
22 13 54.15494463571938
22 18 87.11069425579012
22 19 91.0093567510585
22 20 21.883548899028415
22 21 27.28719023487931
23 0 51.45725465832748
23 1 75.52173412359274
23 4 31.924558788595334
23 5 3.6361864577681637
23 6 52.181271053330455
23 7 34.99972949711434
23 8 46.346051648621824
23 10 3.5080208817284344
23 11 72.62410465008911
23 13 13.168786234762397
23 15 30.496888728325576
23 16 11.001286011153688
23 17 76.39731484274073
23 18 61.47356458510919
23 19 65.15618511178496
23 20 87.90388331542081
23 21 4.210244958245423
23 22 98.4421263697987
24 0 59.34974484787981
24 1 11.88384614617266
24 3 93.7992762664317
24 4 93.80062062390006
24 5 44.10838055126056
24 6 92.86267977158946
24 7 61.734368508296875
24 8 14.6320036556979
24 9 51.07664036493066
24 10 43.018220125060544
24 11 56.09212758270129
24 12 81.46042635941076
24 13 1.3752255153964046
24 14 27.17958884864785
24 15 72.17559841907799
24 16 51.00241497228932
24 17 62.055607590680694
24 18 98.03072914155972
24 19 12.68994372069908
24 20 28.043689231574643
24 22 69.10667249694224
24 23 61.21517507015734
25 0 49.57827691331826
25 1 72.06786882374332
25 2 1.8474358136501436
25 3 58.25800085552949
25 5 87.48466924566243
25 7 20.01288993055227
25 9 20.36351800085593
25 10 26.011092180272566
25 11 63.60938382176473
25 15 9.281339766709095
25 16 57.252037703271554
25 17 50.687291016754834
25 18 6.04091828437655
25 20 83.52657701085803
25 21 84.59122518042729
25 23 64.45285232899141
25 24 46.65764203961441
26 0 20.317134676629355
26 2 57.38562377769979
26 6 72.48293659197041
26 7 60.696457002979066
26 8 44.01064524791882
26 9 39.87229525503617
26 10 84.35579723932125
26 11 86.04833428369773
26 12 23.89614558377584
26 13 31.409875630612916
26 14 1.0992036708586053
26 16 5.067434355291377
26 17 43.03008865943417
26 18 76.87254427009242
26 19 87.90449307273886
26 20 19.22662248667025
26 21 28.974112688514307
26 22 68.43708814238548
26 23 99.15151794582705
26 24 86.66439729939252
26 25 12.688938049085007
27 2 86.02619020507923
27 3 13.255844933691195
27 4 1.4216785524771782
27 5 30.433783847559315
27 8 42.30296660362502
27 9 70.07145961903811
27 11 100.10297887922268
27 12 84.89203778351127
27 13 58.45911166105171
27 15 17.236766845492802
27 16 59.879604278197974
27 17 80.27850317315996
27 18 58.74412550640615
27 19 37.49908873176756
27 21 8.397303145044631
27 22 20.696246477893286
27 23 16.165540046646576
27 24 21.508645867119668
27 25 32.75271732796874
28 0 29.940689012311573
28 1 20.04459883640559
28 3 75.69513556867405
28 4 99.06635896127779
28 5 23.939879789358464
28 6 9.15964838283685
28 7 62.961615407546034
28 9 7.006154109852013
28 10 9.656730885005693
28 11 84.08767588779652
28 12 86.06746190655993
28 13 70.22761525151327
28 14 93.97663497518599
28 15 4.6197759680205
28 17 83.8796910953041
28 18 92.3126476266268
28 21 28.27847083925249
28 22 7.540331980522707
28 23 14.91305333922227
28 27 89.73034203827544
29 0 83.0157286276944
29 2 31.382591694122052
29 6 80.21782382831427
29 7 71.78357911356487
29 8 50.516249187208416
29 9 48.0790235411605
29 10 96.54556569402175
29 11 68.11850388509427
29 12 5.104961732062962
29 13 13.599737710139259
29 15 19.15728981028608
29 16 34.63465180494677
29 17 76.92022484807259
29 18 25.542677773851707
29 19 84.04391698541042
29 20 12.19072716289341
29 21 61.13727400403695
29 23 36.8186132914787
29 24 55.38678290531297
29 25 87.8610422328389
29 26 71.38658937271734
29 28 43.44593489991125
30 0 24.70467463538629
30 1 70.11502537639215
30 2 86.93152402625225
30 3 90.73236107653206
30 5 59.71258354093178
30 6 50.18911739978476
30 7 28.207443661580257
30 8 49.44767261607996
30 9 60.794737054842216
30 10 59.66190726212663
30 13 82.32534587391108
30 14 17.747177646478427
30 15 87.31899259625509
30 16 92.93756968962158
30 17 77.71119936968557
30 18 87.69930008353491
30 19 95.46530128076331
30 20 94.58253765086891
30 21 42.99703500117869
30 22 45.40271966312391
30 23 33.51204182302694
30 24 24.109192890242134
30 25 11.667004800915558
30 26 21.5183290574947
30 27 5.33634086846979
30 28 80.0465258185967
30 29 79.12952674114933
31 0 19.25420814268345
31 1 60.79250514204516
31 2 16.312817603697802
31 3 2.7399003494998344
31 4 39.432463806235496
31 5 22.702987146381346
31 8 39.8417046261981
31 9 69.06317247010313
31 10 85.65725054262587
31 12 51.44496655404481
31 13 82.0766751032799
31 14 43.228406167016615
31 15 12.245171470239146
31 17 93.8402835377884
31 18 77.28024314563487
31 19 62.963098865573365
31 21 23.94060028971967
31 22 8.454679465896108
31 23 79.48363655749844
31 24 17.83327729089157
31 29 31.567323333331544
32 0 82.13626242375074
32 2 91.82943230105894
32 4 41.993575544443296
32 5 11.508567547413072
32 7 35.14990391891275
32 8 33.539352143131914
32 9 11.759012245706312
32 10 65.50930223467462
32 11 64.52702862100189
32 12 73.4772689148507
32 14 83.43642760516673
32 15 21.88148521651927
32 17 1.7002927112592428
32 19 48.250938772661065
32 22 64.95296709419662
32 23 45.752072122583755
32 24 26.066948535409928
32 25 46.81602682337679
32 26 73.56674550692149
32 27 33.0851127612104
32 28 59.88430618903835
32 29 79.16704817880363
32 30 39.49085315371863
32 31 28.06712450788854
33 0 68.38567321362666
33 2 74.31958590646042
33 4 18.75384643208374
33 5 14.628260202686404
33 6 2.6096185626538806
33 8 98.45730241090925
33 9 71.4949553267505
33 10 95.19977213989326
33 11 1.4525185181464941
33 12 10.446422356116912
33 13 36.52512854463591
33 14 8.611663660033063
33 15 65.78468301594118
33 16 81.40391158940619
33 17 50.978736944498216
33 18 52.54449988284428
33 19 76.8047967740065
33 22 35.86144081040696
33 24 1.6341040845611823
33 25 20.082516398720706
33 26 10.739359821077919
33 27 16.434155368135627
33 28 66.53635361787991
33 29 34.77990350154084
33 30 96.21900987825106
33 31 86.92967188058807
33 32 77.385418326486
34 1 95.63700774759076
34 4 61.161435845507995
34 6 52.590502524774976
34 7 62.59344484918744
34 8 2.1238956152923363
34 11 23.430042256813888
34 12 59.43790814618508
34 13 93.00071378497215
34 14 70.63592063180756
34 15 50.76431807631153
34 16 47.721303390014334
34 18 72.61111279394194
34 19 53.33516828592207
34 21 54.705807476105726
34 22 18.149697406033948
34 23 85.85280093488454
34 24 92.095013081415
34 25 96.07633973301128
34 26 13.72143158323944
34 27 52.673835463338676
34 28 59.35038742510149
34 30 83.00127071429306
34 31 82.48425854721457
34 32 72.76607473729965
34 33 11.48778203393822
35 0 7.7205493909562986
35 1 96.40649560562476
35 2 52.631510093439516
35 3 65.43443790586767
35 5 45.02608793186518
35 9 79.31203840965236
35 10 71.27502061306373
35 13 87.55731919899979
35 14 67.48327945971107
35 16 45.57705710110142
35 17 74.90985598348391
35 18 77.73141723307978
35 19 11.887765305110786
35 20 63.41049374278387
35 21 66.66011469692874
35 22 65.29979251007516
35 24 87.23565602402135
35 26 17.256310376877416
35 27 23.515050676844695
35 28 74.56021929963393
35 30 45.95863797500406
35 31 25.76744424466283
35 32 78.90923010140519
35 33 56.123206707274385
35 34 44.10729206811844
36 0 25.746913089792933
36 1 60.73247513641075
36 2 52.93472633709917
36 3 24.9221187185489
36 4 82.30178774064323
36 7 65.21504629730863
36 8 44.538786902652596
36 9 56.113216525409555
36 10 11.069292618697467
36 11 10.52020510921291
36 14 74.95277262732361
36 15 68.9659329931433
36 16 78.94277156239771
36 17 78.69024251531692
36 18 75.03884250566796
36 19 7.955596704749434
36 20 23.921961430032034
36 23 88.66374787274785
36 24 61.11679470142117
36 25 84.67605475995792
36 26 19.724321347266514
36 27 30.044742065125018
36 28 74.52284841055491
36 29 54.71026221671181
36 33 33.47798628370852
36 34 44.258487113787055
36 35 81.39319383296902
37 0 4.069753871990876
37 1 48.665368773780614
37 2 89.05983709402292
37 3 64.65329264653239
37 5 40.22290445386898
37 8 43.93950457332949
37 9 35.61675138225828
37 10 42.684154984784236
37 14 68.15332352613868
37 15 88.08271571637847
37 16 60.64521088103428
37 17 68.26931416677003
37 18 9.158591814640925
37 19 65.56601760037377
37 20 30.6464981610999
37 22 18.951919121685343
37 23 13.585316340357455
37 24 43.95539003285022
37 25 80.91431017860512
37 26 60.386358827495386
37 27 26.63092783725255
37 28 25.902014185437118
37 29 43.31803082048261
37 33 41.431389515835434
37 34 22.47315573695765
38 1 87.76625795225338
38 2 52.52332618891715
38 4 40.66013094483883
38 5 86.82790925567517
38 6 46.8051688901576
38 7 48.72909792677946
38 9 56.88349240961976
38 10 37.92273723264184
38 11 16.33458766959631
38 13 2.9917142685304534
38 14 6.270381870514152
38 15 54.805670826295135
38 16 55.3933406682945
38 17 56.57654727166995
38 18 66.05718858883918
38 19 53.54119081287423
38 20 17.87256275709731
38 21 53.19682969217422
38 22 39.0879385491372
38 24 31.816957357525297
38 26 66.4681326282852
38 27 44.36863008096141
38 29 7.4346222210095005
38 32 81.02942866902407
38 34 36.30386790059226
38 37 7.034272590310108
39 0 52.415560047304766
39 1 5.718945546462483
39 2 80.09290096606418
39 3 6.720263504497957
39 4 7.427977635189864
39 5 52.92006160456386
39 6 67.39938741719862
39 7 75.16017577833628
39 8 10.498033875824664
39 10 26.522125377889516
39 11 59.257951871455106
39 13 38.96819688289612
39 14 77.22932553715425
39 15 98.26974720636285
39 16 5.210572492030096
39 17 21.74054688125859
39 18 90.98246129993633
39 19 96.31206850076323
39 20 43.325658039879684
39 21 63.01002960792047
39 22 8.07239547776175
39 23 16.26339736293998
39 24 63.1123539415975
39 25 61.34069732885323
39 26 32.690714993062016
39 27 60.17792588362158
39 28 62.83491482750372
39 29 41.663101453293606
39 30 53.35995168648513
39 31 38.86832570418204
39 32 86.14033769578889
39 33 42.770963846835166
39 34 24.200089890081333
39 35 29.68135124312242
39 36 81.6604428164413
39 37 27.895227495045038
40 1 38.014865288063014
40 2 18.406164561850535
40 3 10.933624794773044
40 4 63.809558030768564
40 5 17.654489491670923
40 6 93.28223020872858
40 7 15.913894672269167
40 8 51.21775039064289
40 10 34.406485970307884
40 12 12.26877264917373
40 13 19.582909724346287
40 14 47.31511778581847
40 17 93.5008530179995
40 18 86.60518477780215
40 19 29.912379661724763
40 21 64.1265970080765
40 23 6.732192356176946
40 24 32.62858207146775
40 25 31.773803532185838
40 27 96.96708593418501
40 28 59.52162201673296
40 29 23.22345635551326
40 30 27.008068342036605
40 31 82.46644382607958
40 32 27.111702202903807
40 34 84.73608057041734
40 35 64.05737509606945
40 36 76.12428418402168
40 37 84.99890439232223
40 38 87.8097819386763
40 39 29.733656831022703
41 0 43.470412631368184
41 1 88.15676673664605
41 2 81.78238502321642
41 3 98.81684750274218
41 5 30.18003453726371
41 6 61.83905499234079
41 7 69.1205394991655
41 8 69.37079447404479
41 9 56.2570763734102
41 10 63.0668989194998
41 11 38.85430387010965
41 12 62.059190360091684
41 13 10.456820653580545
41 14 6.952643754303799
41 16 43.351218159165214
41 17 46.052563144554156
41 18 100.21377684076376
41 19 76.21378797850441
41 20 51.83464275802137
41 21 53.19577339860463
41 22 76.28705822731723
41 23 69.59172180720866
41 24 30.881028610031112
41 26 15.163799540409428
41 27 68.49178709887762
41 30 13.108152296076181
41 31 42.58541395377983
41 32 30.006847007838743
41 34 68.95402489712252
41 35 71.54307661688725
41 37 93.65247601504055
41 39 52.05366005654036
41 40 37.49777165719197
42 0 36.53505203310677
42 1 7.835469655230197
42 2 74.57705967918615
42 3 5.07686521431434
42 4 100.0843633371184
42 5 26.800140288051054
42 7 21.1816421683081
42 8 5.661674790022485
42 10 84.93391270586886
42 11 10.157713720366568
42 12 82.06200444110215
42 13 89.3962186895928
42 14 66.00079773321144
42 17 6.731969764120015
42 18 53.66342416932914
42 20 41.050588972664556
42 21 78.05758202314992
42 23 32.70645010058616
42 24 20.24140039968605
42 26 100.81221013375936
42 27 81.0815194921826
42 28 56.30755308372552
42 29 27.177126688731878
42 30 70.29146831993899
42 32 1.0502315714030588
42 35 33.293173578390736
42 37 6.150044271746957
42 39 30.38663119327233
42 41 43.74129264437568
43 0 99.44362495222352
43 1 48.90627754849977
43 3 61.67896167753365
43 4 41.085781672597
43 5 64.01288256005816
43 6 100.26032540790396
43 7 63.72140940431559
43 8 27.06059207404704
43 9 43.95429045502628
43 10 82.53471082888466
43 12 6.626975994886763
43 13 72.55828630273832
43 15 45.47358752629449
43 16 58.354561291487904
43 18 45.20605699525313
43 19 56.453310175289204
43 21 43.90515688201253
43 22 57.499924878483334
43 23 60.3968529060137
43 24 39.76643126403292
43 26 86.16032936371394
43 27 62.86817502365536
43 28 12.142033423204756
43 29 65.59997345295793
43 31 49.91864154813654
43 32 23.718634109194724
43 33 59.60496705283686
43 34 40.12012823786281
43 36 19.381473124216896
43 37 53.1720282817972
43 38 48.68219265816634
43 39 23.55882298341103
43 42 54.13062541902828
44 2 71.09388574456342
44 3 81.80806330199934
44 4 76.0855488555991
44 5 84.24829858327469
44 7 88.0047113659576
44 8 7.637214633911393
44 9 89.98805231386571
44 11 18.210646265725504
44 13 3.345630825195799
44 15 52.93320656293906
44 16 71.24375466836482
44 17 30.431314614664906
44 18 87.18941243932026
44 19 71.14768799714413
44 20 9.734563946452923
44 21 69.70650451224253
44 22 56.46696224993548
44 25 86.27141696528314
44 26 62.66434356786823
44 27 48.88200697410354
44 28 82.96002464405558
44 29 45.308951360289306
44 30 9.87207007570362
44 31 95.24914548792965
44 32 74.23903223875232
44 33 4.1713851499071914
44 34 76.03497254430654
44 35 84.974385575685
44 36 5.737786966447366
44 37 16.947652627501753
44 38 80.7790343304374
44 39 18.22237726918636
44 40 63.3502857764011
44 42 49.180822204707205
44 43 96.67086656915735
45 0 90.91882399272978
45 1 83.39898397324151
45 2 9.287507944933592
45 3 19.095103596849725
45 4 53.299900412402735
45 5 60.03066583662915
45 6 18.63308541267843
45 7 73.76898941229956
45 10 43.02568310537187
45 11 65.27774594188365
45 12 40.17163027880262
45 13 23.458741689362615
45 14 24.224857600553385
45 15 25.241551263924354
45 16 23.603373125049707
45 19 19.961843467466988
45 20 34.02971786038656
45 22 99.21624336545537
45 23 63.30342944394018
45 24 93.20692471008375
45 26 25.21574714139233
45 27 63.39675936554969
45 29 58.55820340184628
45 30 29.250277192729158
45 32 33.05103081712546
45 35 78.16483271784567
45 36 13.307831960533234
45 39 92.20323848107513
45 41 15.423877034254495
45 42 23.265684824162413
45 43 68.62943947395395
45 44 46.06296110499623
46 0 24.42111690422931
46 1 83.69666650995185
46 2 95.40037389319428
46 3 17.407077121100766
46 6 35.54662488925769
46 7 15.756615175092147
46 8 37.790904637881475
46 9 56.42506461131174
46 10 24.623144657863392
46 11 47.68931902768476
46 12 77.86911214588339
46 13 29.67545338203258
46 14 69.01645039089314
46 15 1.4967060411695368
46 17 87.62181154025764
46 18 13.050354927644157
46 19 19.76196665858496
46 21 7.2077510790296
46 22 24.424158359065604
46 23 33.80603472627609
46 24 17.215721710107722
46 25 22.47189033747082
46 28 61.70628122673215
46 29 23.166776123909283
46 30 71.25517317135204
46 32 19.244960244683426
46 33 95.65601191754232
46 34 75.98477479440751
46 35 37.05127348384828
46 36 76.78046772915307
46 37 90.3886516953109
46 38 94.46149860428756
46 40 26.61452509877572
46 41 20.658913340847704
46 42 35.732614145549036
46 43 51.676356575459245
46 45 51.534742510309215
47 0 49.3550919299691
47 1 49.09184666272609
47 3 57.33888459200902
47 4 4.08238552343052
47 6 19.943837570854328
47 7 31.14637332751382
47 8 69.2506898849898
47 11 63.03601876485809
47 14 60.46971065055319
47 15 42.930582630920654
47 16 23.017842646104548
47 17 17.708874267886
47 18 9.970947842824362
47 19 13.524985358805141
47 21 34.88390762164805
47 22 60.90635541165712
47 24 3.484742209233237
47 25 40.07221891404259
47 26 45.26863868341626
47 27 51.21027857148048
47 28 50.8131771272356
47 29 37.924651010335054
47 30 3.1020216167211725
47 31 37.796155602829174
47 32 39.14803511656473
47 34 96.38547379097734
47 35 95.40387886023255
47 40 57.42414003509197
47 41 83.50635438487947
47 42 14.961173152651163
47 43 73.42534420024967
47 44 85.37248805656502
47 45 71.74834954121468
47 46 85.7475139543565
48 0 31.77711539709478
48 3 7.757869876030753
48 4 66.91114195590619
48 6 36.290743391330416
48 7 49.452610624903336
48 8 31.583711191661045
48 10 72.41923921498025
48 11 20.34722340335009
48 12 53.20027670984323
48 15 68.6484713483886
48 16 98.32901205341619
48 17 75.96769418063344
48 18 58.71970181467453
48 19 45.386785928798425
48 21 42.19221890732909
48 24 72.71237587382781
48 25 90.34760679589603
48 26 14.079643580533828
48 27 6.159003348908597
48 29 36.22855275777365
48 31 56.99902354369066
48 33 38.93944314510094
48 34 80.94851586093901
48 36 73.11231479897735
48 37 48.69373640523552
48 39 64.05154703351394
48 40 6.375416399521016
48 42 38.80419243578448
48 43 79.8561002605023
48 44 87.48362126087324
48 46 4.97759817393789
48 47 4.110456819482465
49 1 66.66007344866901
49 2 29.11960280686867
49 3 69.87818853570016
49 4 87.55483931662036
49 5 88.22584846468885
49 6 99.61001761322288
49 7 35.912099312897915
49 8 9.248189110572001
49 10 35.678346864734635
49 11 34.15292927790507
49 12 86.80424148169983
49 13 21.406467407439933
49 14 93.60314558228183
49 16 70.91360782737776
49 17 58.13390006783827
49 19 12.183438472846586
49 22 55.66832493038959
49 24 56.557647421793355
49 27 100.69041945255034
49 29 9.328011484734855
49 30 36.26192638226105
49 31 83.4234687376793
49 33 33.485614080354196
49 34 73.73369831561172
49 35 62.727909207648764
49 36 80.79167274580743
49 37 7.662919360668318
49 38 9.918459970481818
49 39 81.9959627350929
49 40 51.00995882491737
49 41 39.47133593315937
49 42 71.67817881658259
49 45 41.08188334740673
49 46 28.058623368011013
49 48 14.773438731775844
