1 0 62.84451777866807
2 0 60.61289093154437
2 1 34.16947559651451
3 0 14.782809597571166
3 2 100.71296311645492
4 1 71.70200680656345
4 2 77.88363800876856
5 1 93.33189667379979
5 2 87.45392192294932
5 3 29.826298565910523
6 0 59.80790389284578
6 2 57.449017667009926
6 3 91.63504899986432
6 4 20.510160506272346
6 5 32.18210332680952
7 0 47.00748982268147
7 1 42.042396518140286
7 4 16.409661820196586
7 6 22.840558768858507
8 3 24.614219138529137
8 5 71.66205755699306
9 1 99.89173263447553
9 6 36.981723137354784
10 1 6.556274631110602
10 3 37.75166059154223
10 6 19.94713117023664
10 7 95.33653132168071
10 8 88.06597447201901
11 0 34.52592170344073
11 1 44.056346198571084
11 3 63.55871081238153
11 4 64.5468222163359
11 6 57.69596225297685
11 7 29.688984513070782
11 9 29.497608574408172
11 10 57.50360260614313
12 1 13.053760199571329
12 4 40.766797467513804
12 6 84.64017600145277
12 7 39.23677005301158
12 8 56.54965602189051
12 9 17.40467871478799
12 11 39.879376840226975
13 0 18.407303237828465
13 1 80.83909919504447
13 2 83.84107263154777
13 3 96.37782934158757
13 8 65.27358444079249
14 4 52.39854802406172
14 5 69.90178930076898
14 6 94.05830154404715
14 7 31.346607807176397
14 8 33.17437601841229
14 9 67.81429083916277
14 12 49.89669240398553
15 1 57.97729970179445
15 2 26.147888797186013
15 6 26.16760881262481
15 7 7.363838985453574
15 10 20.185405514060417
15 11 9.194741762988155
15 12 78.37186153523199
15 14 46.96635229159468
16 1 29.881055973929847
16 3 65.04228900117857
16 5 18.652796671700077
16 7 13.31214411668493
16 11 87.17889279680332
16 13 21.069530278819204
16 15 82.42544449630371
17 1 95.70292530481427
17 2 100.60918180654359
17 3 55.408100068446444
17 4 46.50357701094174
17 5 15.536865876497075
17 8 28.226581461577116
17 12 28.168009906885025
17 13 61.46694388163628
17 16 33.074311624138474
18 1 51.02709734658869
18 2 79.70038995771353
18 5 61.26974982998308
18 8 87.27517215540492
18 9 23.097608399724898
18 11 94.3113908096601
18 13 57.796833511870126
19 4 32.25407752236834
19 5 32.52046170639905
19 8 22.986114579708982
19 9 12.11914844790478
19 11 85.14387075120261
19 12 35.289839081915396
19 14 9.518282269891596
19 15 85.1268368085271
19 16 57.67380235838662
19 18 43.91452571377202
20 1 48.68001067737894
20 3 33.252680133670154
20 6 36.050793444834305
20 10 50.19172692183297
20 12 35.491443601943516
20 14 65.40214997064196
20 19 91.2692626710437
21 2 21.332183707954165
21 3 57.02321843637028
21 8 89.83159620219959
21 10 42.658696472458686
21 11 30.18336293796957
21 14 29.08543312430909
21 16 19.037034515308946
21 18 79.49386973214858
22 3 67.00274230859662
22 8 82.5343197367714
22 9 67.791275046075
22 11 37.17881362191797
22 12 37.068470261249885
22 13 51.17476642846791
22 14 39.24267099408806
22 17 54.22360102715893
22 18 24.10006924412109
22 19 39.70788796179835
22 21 4.290688486903559
23 0 65.55846397401874
23 6 1.6306072647539462
23 14 84.22528212630664
23 15 8.883018285559096
23 16 85.85376388400253
23 17 9.771065399658283
23 21 90.67182570560705
23 22 61.12623846934619
24 0 15.391741396084711
24 4 64.70260019203073
24 11 47.32591707687299
24 13 51.96540045356191
24 17 1.3663050232450282
24 19 61.19946521529101
24 20 56.14165598410715
24 21 2.6076592038302584
24 22 55.31420283496349
