1 0 10.343660919178177
2 0 87.3844292138694
2 1 97.56886702712457
3 2 66.19768676549869
4 1 60.616786716217085
5 4 52.27336187306197
6 3 75.11229973461027
6 5 41.850375130148066
7 0 62.90725311304162
7 2 74.68789000654121
8 0 21.142893660836425
8 2 41.3356545595461
8 3 22.27056875231631
8 4 12.661734794965106
8 5 68.43319741146725
9 0 3.515424183253756
9 4 25.879598827045513
9 5 45.891705847856514
9 7 73.54317915145042
10 0 9.151263952064925
10 1 60.18219275476911
10 4 1.657226412620171
10 6 85.44684508023414
10 7 54.99940054399598
10 8 54.654789931233495
10 9 72.6400801088337
11 5 87.16002232579915
11 6 51.07364402171353
11 7 77.64503505796559
11 10 58.998546482352765
12 1 11.925939095164406
12 4 22.14646231447376
12 11 76.0717359818927
13 0 40.75703392269555
13 2 28.50824882367011
13 4 50.09823980494448
13 5 98.77715816543471
13 6 60.31873057171042
13 7 43.56296122129394
13 8 45.58441863185567
13 9 9.102266586979667
13 10 65.73095042360785
13 11 100.0694975543849
14 0 73.68524050113871
14 1 25.511815206111077
14 3 42.26209336686405
14 10 93.16115665848817
15 1 3.845918674985981
15 3 21.690923508408467
15 5 30.23036460830748
15 6 1.6200289472813592
15 7 96.30346984733627
15 8 48.78017261130364
15 9 64.85652703713652
15 10 54.4517418019349
15 11 75.13775279455999
15 14 100.45338452435992
16 1 33.360289744144346
16 2 82.96808104568366
16 7 43.48978133838014
16 8 60.624890192210515
16 11 64.75423001545116
16 12 12.752311059812303
16 14 10.18609858719922
16 15 77.11040182030344
17 0 49.94236690133192
17 1 71.90486439361626
17 2 44.78081188474123
17 7 30.85150660491771
17 9 36.32493632417315
17 11 91.95070685912916
17 12 1.476537829381496
17 13 31.780466818053544
17 14 91.89785376816398
17 15 30.327111506727732
18 0 24.90143445634504
18 4 96.3610225423671
18 7 24.29791499342342
18 9 49.72373134899465
18 11 73.05118901509992
18 12 49.69682691286572
18 13 96.95813550749884
18 14 91.58056695267099
18 16 26.194150722652108
19 0 26.15275093430338
19 1 54.70513265565579
19 4 39.963998117726796
19 6 30.36488369538347
19 9 75.6860320715891
19 13 35.48961670916613
19 16 37.00908409157714
19 17 60.29351766299339
19 18 73.94045202534255
20 1 4.500521267313994
20 2 68.91452448097554
20 5 40.10706630973958
20 6 19.675099647140758
20 8 68.57201767654884
20 10 81.43521091271127
20 11 73.64998585963357
20 12 54.92941755106412
20 13 83.49263868670084
20 16 69.35463827726362
20 19 96.65000742681251
21 0 58.04215062475808
21 1 98.72884025207222
21 4 48.116541017723414
21 5 18.774799289317244
21 8 100.42923014714115
21 12 16.61506794893338
21 13 3.4682517541089743
21 17 33.9228353050859
21 18 77.52376552326731
21 19 84.26126622677499
22 0 44.834979484392846
22 1 57.613677003833104
22 3 89.72353755905813
22 4 67.78864463384602
22 7 21.023076350724168
22 8 39.568848788546276
22 9 51.6673208018609
22 10 6.265949554033378
22 11 26.175207189380266
22 13 53.21249287957289
22 15 11.284763962918575
22 17 85.97624637750141
22 18 15.153722088385157
22 19 66.35462224925026
22 20 28.37171318683692
22 21 93.5434780249516
23 1 64.32443577836642
23 2 30.322531454939227
23 4 76.9682869737819
23 5 56.969228053611374
23 7 51.9496602863852
23 8 79.0197188640998
23 9 29.210501306635727
23 11 40.70108459611163
23 13 98.79112490120066
23 14 36.9132213354486
23 16 19.5820994928902
23 17 55.22822138129047
23 19 98.48961005347701
23 20 57.886857398045386
23 21 38.72858115260388
23 22 29.285839985890217
24 0 71.36318557380339
24 1 42.20267526553935
24 2 36.73833558437504
24 3 18.366559572887052
24 4 98.8451001407673
24 5 97.40826981621389
24 9 23.28106354033753
24 10 100.87652554856817
24 11 55.52013980027518
24 13 27.54627057156941
24 14 16.108932216105785
24 20 55.9504896966965
24 21 94.75831069358983
24 23 41.74207517471571
25 0 74.954678745628
25 1 35.513605989261386
25 2 12.98218484932928
25 3 99.74823629631857
25 4 92.89883185803717
25 5 87.46630117721318
25 6 22.12695205458286
25 8 23.442429416537625
25 10 28.560454908278388
25 11 43.32912557531938
25 15 93.34951161790036
25 19 37.29559554089489
25 20 39.21274186003355
25 21 24.65355301243417
25 22 51.52924588989982
25 23 43.36998908970014
25 24 68.02390309950275
26 2 14.418134469168974
26 4 12.760530227454113
26 5 37.041185328706774
26 6 12.131878336867763
26 8 25.738532329781314
26 11 51.43402835385601
26 16 70.73178047069582
26 17 56.27134443467209
26 18 90.6188153650162
26 21 61.77274285051574
26 25 8.815239607384505
27 0 15.23072439640507
27 1 7.383140104056684
27 6 29.95170314482526
27 8 66.7165003800289
27 9 4.810025411470919
27 12 32.7378515513701
27 15 12.834682642376638
27 18 73.15870932451799
27 20 33.81090935913458
27 23 35.989564300832434
27 24 4.818050590321798
27 26 63.10370676158903
28 0 19.25343302228176
28 1 77.84454520044251
28 2 37.63592629886858
28 4 65.33862671055842
28 5 45.91064060457393
28 7 21.021312116488833
28 8 43.37271056688353
28 12 10.545371857558859
28 16 39.877214684986185
28 17 57.53889140260105
28 19 1.4291796723090213
28 20 37.026361607478286
28 21 36.133396682746195
28 23 92.60841442795278
28 25 57.985637361148925
28 27 1.1263868935934664
29 1 26.696563320350585
29 2 59.46100809733673
29 3 55.68146918938167
29 8 56.116891601093535
29 10 88.83622805471559
29 12 21.333232565551985
29 13 71.75065070571837
29 14 47.971466270214336
29 15 89.89445851575766
29 16 6.100819812215606
29 17 61.20509311166906
29 20 49.464621470287575
29 22 43.84501004501057
29 25 69.59026058645526
29 27 96.96965538057171
30 0 72.9634481386734
30 3 72.69961477409116
30 4 62.23056917711794
30 11 18.202210457660506
30 13 50.32162162089507
30 14 37.06175547400278
30 15 79.48394240239313
30 17 3.7912700260831147
30 20 86.85766332819804
30 26 6.549240757090256
30 29 61.080247955475485
31 0 14.243543806313207
31 1 40.38027854730842
31 2 74.16885189954668
31 10 49.55506539288948
31 13 59.828216034715666
31 14 65.06616516499875
31 16 12.988348609438127
31 19 83.25228967266696
31 23 67.79465039140237
31 25 60.98658184377824
31 26 42.18036663836779
31 29 5.080283636968495
32 0 35.21655541796695
32 4 28.89043752921626
32 5 73.77953337120084
32 6 3.435365454542693
32 7 60.56299875483252
32 8 56.35911997085894
32 9 4.897013357961088
32 10 32.41618392155352
32 11 89.31817671476271
32 12 39.637069711767566
32 14 68.28587947972578
32 15 85.4846139267445
32 16 23.80698114039099
32 17 21.12856175847837
32 18 86.75262913376723
32 20 30.61700437352559
32 21 37.77501396683937
32 22 14.046227584377213
32 23 46.905287112388294
32 28 1.2234480728008803
32 29 53.64241521789019
32 30 31.566028389054544
32 31 11.265525988946745
33 1 1.2651544639864611
33 2 78.12365609634104
33 6 40.95644065030448
33 7 76.32048303889431
33 8 7.18872573472784
33 9 34.212227422889875
33 11 53.77364157323817
33 15 17.600699834420308
33 16 40.53402411503315
33 19 84.90483018796672
33 20 37.34756835566224
33 21 28.751961589142727
33 22 4.93276305331296
33 27 19.59521305937476
33 28 18.536505343454113
33 29 30.436722147563465
34 1 23.300030809735105
34 2 84.925859326167
34 3 68.05790034531914
34 5 58.122865780812525
34 6 59.44302997254193
34 7 84.9289859412566
34 10 94.26725037942009
34 12 37.0903480487028
34 14 77.61876799730841
34 15 36.44129905526579
34 17 81.27314298196269
34 19 39.50483015877152
34 21 26.72239389254086
34 24 43.1401886684731
34 27 11.854979746550375
34 29 83.00774053352113
34 31 72.46346437415805
35 0 18.056324870715756
35 2 69.64807009231716
35 4 42.19796471024896
35 5 54.331226569504054
35 6 83.83117794777166
35 7 7.889434689758545
35 9 90.57370447950365
35 10 14.744529622059387
35 12 2.537830745408708
35 15 15.534723365578605
35 17 80.45291166218867
35 18 66.76073590990035
35 19 7.760185941684371
35 23 53.02576831837351
35 25 95.01977766891497
35 26 94.25192543115054
35 29 64.40091079730894
35 32 49.98379599374647
35 33 48.34748347224031
35 34 24.42471935352134
36 2 53.00764863449996
36 4 61.2240291758295
36 5 22.18482716049944
36 10 44.5477493251126
36 13 75.77417749565568
36 14 2.7842442420162308
36 17 41.43323230014515
36 18 93.2854706907398
36 23 24.510068514718043
36 24 29.228512381224014
36 26 23.282991683409172
36 27 57.691009305914186
36 28 100.58006129433099
36 30 55.747493205448784
36 31 41.303952478106645
36 32 37.00781506015544
37 0 78.12225695833443
37 1 39.211665976486074
37 4 69.87206687643102
37 7 22.672766367883455
37 8 86.13441022122818
37 9 10.252322560916493
37 10 69.10488230821386
37 12 96.35957280328397
37 13 37.415518898948086
37 14 92.3784924688593
37 19 15.901584640782561
37 24 82.0335987658816
37 26 82.56310421929034
37 28 98.32540107279392
37 31 93.25889943488112
37 32 64.16290351423777
37 34 45.902154680538985
38 3 41.573513467306995
38 4 72.05846288268208
38 5 92.57789820238543
38 7 71.9282673046486
38 9 97.23094364098723
38 14 70.42283937429181
38 15 17.784778431557267
38 16 78.51015146034712
38 17 82.96393814060245
38 18 95.5716863375328
38 19 76.2432867967127
38 21 24.42862058674262
38 22 38.18522802122756
38 26 71.63681153622568
38 28 98.204501112505
38 30 88.44828448450815
38 34 89.43277442800662
39 1 12.924283257179113
39 3 90.67943148806225
39 4 70.11070105636293
39 6 76.62498379903697
39 7 73.38993017506739
39 8 4.517379954303246
39 10 80.86852263178905
39 13 44.030018370100805
39 17 81.06384110592448
39 20 10.45112244376023
39 21 37.22516526524991
39 23 1.6362999135393954
39 24 61.09575126336802
39 27 96.22515036033148
39 29 54.664326498420834
39 31 82.39205409368749
39 32 43.81557203744314
39 34 5.013461759379955
39 35 58.04232309478046
39 37 9.74242812215309
40 1 78.45976396042416
40 3 42.08907208936361
40 4 6.370029356164229
40 5 25.59302778874556
40 7 21.43153007225793
40 8 79.92503774977125
40 15 52.52673540398829
40 16 12.25152654690449
40 17 49.59635622512117
40 20 68.87307245959602
40 21 59.81217109980644
40 23 80.38535423926943
40 24 23.686769280809603
40 27 42.66045753813174
40 29 22.211541854214687
40 32 49.36557235903971
40 34 10.40606007822138
40 35 84.12730806380938
40 37 93.86009487335556
40 39 91.92959839022868
41 0 71.13514311248106
41 1 68.15841502434581
41 2 53.01295421703317
41 3 46.373049207983904
41 7 50.09942577887191
41 8 90.04115934471687
41 10 22.17466514562486
41 13 24.026074340758342
41 15 17.799267556847276
41 16 29.491159213416328
41 17 47.06584734094336
41 18 2.290938492508753
41 21 65.34662525671985
41 22 7.451549054889871
41 23 12.542362806986507
41 24 3.076238610520531
41 28 72.76383490643234
41 29 18.94027577155616
41 30 83.46839435072421
41 31 28.67027205466227
41 33 77.66213479147468
41 37 64.9075205757764
41 38 44.749635664860875
41 40 4.297475775078917
42 1 28.4691507541552
42 2 77.76102460829462
42 3 11.088678793543915
42 5 53.44514800310078
42 6 28.07941855629531
42 7 100.72987322685717
42 8 9.503163139057623
42 10 14.997019064086713
42 12 68.68263760187551
42 14 2.469161630984128
42 16 16.206163039760522
42 17 36.272009452743724
42 18 46.97126449595025
42 20 81.84859327574637
42 23 87.6329116676823
42 24 78.33991365478737
42 27 37.652063818052106
42 30 53.45247683173214
42 31 96.53009389277561
42 33 52.4756823585945
42 34 28.205030430480793
42 35 16.680537673084427
42 36 27.04841908622738
42 37 11.301895289424333
42 38 62.34026683993535
43 4 46.396291444955
43 7 40.036244121307696
43 13 42.99307820579756
43 16 67.00239149711702
43 18 86.9620799155578
43 20 61.680474059650294
43 24 44.8001810770284
43 27 79.89850184556752
43 30 18.380652625269345
43 32 43.774251299291244
43 34 64.45885782683374
43 35 34.424983059299876
43 40 96.09853823565612
43 41 86.2121282855697
44 0 45.78690961142111
44 3 27.744421207537773
44 7 57.294647821018565
44 8 22.854412906310607
44 12 39.79060873775011
44 13 63.83606851347068
44 14 79.54692596001553
44 21 43.730715993914416
44 22 87.02911819250241
44 26 45.63924097284554
44 27 25.538083142846055
44 28 82.11987334940055
44 29 63.42773616103434
44 30 65.92751589730453
44 34 60.960177897524645
44 35 34.21679905343563
44 36 21.90911184977491
44 37 27.042034308099982
44 38 66.94927521408445
44 39 71.94191021568116
44 40 98.22723895123947
44 41 2.928486221402359
44 42 3.401619244961284
44 43 79.03824813278499
45 0 30.83637952627066
45 3 81.7757089212523
45 5 82.8129099813287
45 6 1.7474269791855837
45 8 64.5339258924825
45 9 18.24563120884507
45 11 55.24187151889534
45 12 39.297583342941024
45 14 56.88457327138695
45 15 67.67827349111748
45 18 76.00655200584684
45 19 69.66673446813036
45 21 50.67745549399189
45 22 77.14700840460172
45 23 38.685638364854
45 28 69.62589440798183
45 29 1.816614138471905
45 30 72.70002815408819
45 32 98.90947589545343
45 33 92.34371178574663
45 35 60.37449119066187
45 36 4.765036887584428
45 38 57.29046941871806
45 39 3.8405045363713133
45 42 30.16207192776922
46 0 69.59004349344283
46 1 10.044242247256761
46 2 69.01314643028654
46 3 10.460762276440304
46 6 41.21424080797852
46 9 58.16714914847867
46 13 15.318259837130821
46 14 19.676595491056002
46 15 43.116601651073616
46 17 21.5416105456839
46 18 88.62510674589159
46 19 64.45544501550452
46 21 6.870508560626552
46 24 89.53994902952348
46 25 39.67256135976028
46 26 98.77204602257797
46 27 47.32257977246779
46 31 46.18545983381183
46 34 71.14410060961835
46 35 55.018075417783685
46 37 2.4185379376529306
46 38 45.47819989739769
46 41 44.439675082405294
46 42 93.50131242274846
46 45 88.82440050226538
47 0 48.43769458573166
47 3 87.7883591981417
47 4 39.031409582382715
47 5 17.741555651116492
47 6 21.669995759841175
47 7 1.0124132593562032
47 8 2.645303585401303
47 9 60.636578416007524
47 11 32.49869891475514
47 12 81.6668846365092
47 13 91.11859262889281
47 14 61.947980715135486
47 15 20.25200310814129
47 16 49.986118025617465
47 19 25.256477002273826
47 20 62.29500568085824
47 21 19.76851502345901
47 28 20.005531676199617
47 30 67.33904342576437
47 33 92.35614540316337
47 36 51.7071825795178
47 37 66.1150135287012
47 39 33.7490453224787
47 40 7.698162995670809
47 41 86.6211520753463
47 42 4.750572076942493
47 43 37.10093266267372
47 44 85.20658703304203
47 45 15.50531619910369
48 0 88.186194719706
48 4 33.585959436672155
48 6 40.53460674788024
48 10 86.00543103430684
48 13 66.27002024201107
48 18 25.996175175861147
48 19 8.183695663385647
48 23 82.03565065151746
48 24 59.442768999808926
48 27 42.11665210980251
48 29 87.73768538727008
48 30 55.228548238808635
48 31 47.818728865754146
48 32 15.73452236229308
48 37 6.991346521033658
48 39 9.429502061222626
48 40 56.763489853703774
48 42 38.51074220635346
49 3 92.54525414887988
49 4 93.58403790299042
49 5 88.8680585040524
49 7 50.64887600081392
49 10 7.326004497720161
49 12 66.60843544431721
49 13 47.369094789849996
49 17 98.94636984608259
49 18 37.6351583662736
49 20 57.438068047149784
49 23 93.80704531134337
49 25 40.37376674845559
49 26 20.514780903736074
49 30 52.08834934695922
49 31 62.538142427933465
49 36 62.203955783635934
49 39 92.22187018436964
49 40 97.47287556356822
49 43 47.12557263128802
49 47 7.405936586252892
49 48 56.9211541482244
