1 0 1.138261650738658
3 0 52.38976902922296
4 2 55.48555415610482
5 2 75.02186078450636
6 0 20.146274302875966
7 4 11.525092953074754
8 1 70.47058643764827
8 5 48.919094924243986
9 3 93.07287875662435
9 4 54.21082253757016
10 4 93.10443278343715
11 3 37.56104515111325
11 6 77.29968469177237
12 3 36.81688680646731
12 4 19.220830260711484
12 5 29.148242133440494
12 6 33.68421398949981
13 4 96.38589401199904
13 5 52.41728499517381
13 6 34.12790776329073
13 8 38.71015928577975
14 0 74.8734145828445
14 12 65.44790482888753
15 2 68.76063536518122
15 4 1.1518331879843737
15 12 100.8816046753934
15 13 87.19288962020653
16 4 85.56654876682285
16 13 70.87868377396677
16 14 48.08181216018219
17 5 77.78979013694975
17 8 19.80425994260049
17 9 46.813772041236156
17 11 5.506552856364198
17 15 8.051439141890858
17 16 42.69525302442525
18 2 26.592256951441406
18 5 98.85383228244604
18 13 20.713992361472044
19 3 61.30880883697542
19 8 37.87011487045472
19 14 56.034193221467355
19 15 26.799256642343117
19 16 29.37320554258963
19 18 8.754578888679164
20 14 23.837047210541805
21 3 35.26333944676318
21 9 61.046664460604525
21 12 31.547833514697487
21 13 79.93347074570596
22 5 81.46874612895137
22 6 5.311030942720273
22 12 94.36380093700751
22 14 41.82726675776962
22 16 35.88692570603084
22 20 27.16725982854461
22 21 65.60529745345374
23 0 11.677074809017173
23 1 56.73001851327376
23 5 33.71466499214839
23 6 92.23250856993116
23 8 85.87346757939231
23 12 82.53364209140872
23 15 9.945831637797374
24 3 42.86436902352503
24 5 42.60810243265399
24 8 37.076472121526
24 11 89.91510962418702
24 14 32.256406296298636
24 17 58.925304265847885
24 18 13.358526762998046
24 19 90.7563232643496
