2 0 10.318773488460529
3 2 25.34703289799308
7 1 28.310808681403742
7 2 77.01901109770986
7 3 37.582268938988804
8 0 14.988768679733843
8 1 59.577024443802394
9 3 69.00657491399829
9 6 100.0369052209058
9 7 47.350583918499076
10 2 70.06906978332384
10 5 77.80196629021175
10 6 17.973438240732985
10 7 85.46734814988432
10 8 13.699539301839224
10 9 23.19039956278546
11 0 3.8353361842603952
11 10 85.0365614759498
12 0 23.25717260392468
12 5 50.57655347661072
12 7 86.29981490627956
12 9 39.747979645026966
12 10 61.2552509829537
13 1 30.933198278299766
13 3 22.273943711400868
14 3 24.119553573205298
14 4 6.198853757682276
14 8 20.03815206684306
14 10 45.59703954381848
14 11 50.56652409214405
14 13 59.45830032174605
15 1 41.853809312693436
15 3 40.206426448162205
15 4 72.70722700325547
15 6 30.148910277897965
16 4 42.20246586587183
17 0 77.62511873043458
17 6 65.38132152718823
17 7 93.20193519340356
17 16 45.722768092344
18 0 31.73941423442723
18 5 88.02461070854635
18 9 66.33214544902769
18 15 65.51065038946716
19 4 20.848070828101505
19 6 94.27941427907464
19 12 83.58596157791601
19 13 72.66537440803637
19 15 93.29634349985373
20 7 7.7610970860305315
20 14 16.090616833116144
20 15 31.83970356617167
20 16 98.85770857056151
21 1 84.1969052566982
21 3 38.040209968687655
21 8 27.797413376033496
21 9 78.18507973852951
21 12 32.7983574070102
22 8 83.9260278866608
22 10 2.0480499142210165
22 12 96.77445662455995
22 16 45.14799030713452
22 21 24.91603905534181
23 3 97.10688268327343
23 10 58.630630857563645
23 15 3.5141571105966376
23 17 51.38795954858079
24 2 32.78377538409342
24 3 20.501566041570317
24 6 2.5349029509779566
24 8 41.75372414755819
24 9 92.89026695885507
25 2 17.963387511252282
25 9 35.535106077162446
25 10 66.01450579696555
25 19 45.666644764083316
25 20 77.4728601886433
25 21 92.29046793423105
26 11 21.669747222526446
26 13 9.244892587122033
26 15 79.55308812134469
26 16 54.147220279194066
26 17 63.194302243746336
26 19 9.965314619725417
26 20 17.413386452718914
26 23 66.43547789625337
26 24 62.67622996557414
27 1 38.66944993054994
27 7 100.57594532498798
27 18 87.3400508751188
27 20 36.125091364255844
28 5 7.847913225564007
28 6 70.49453396405211
28 15 83.47433423107127
28 21 11.826772264562567
28 22 80.17898497179857
28 25 3.948588437469213
29 2 79.35293657151972
29 17 36.374050621388186
29 18 100.86027030548892
29 23 39.91134265754642
30 0 52.164129295999594
30 5 48.51621254460907
30 7 28.268351685011172
30 8 40.93853272263765
30 12 29.055301337047446
30 18 17.915511690309682
30 22 43.33628773889433
30 23 2.8627533033519272
30 27 79.73104549191622
31 0 57.66034393424248
31 3 13.12004926076804
31 10 91.67303912848136
31 13 74.78916463360738
31 20 62.636136190243775
31 29 56.09272845335632
32 4 21.877186015177617
32 5 79.91821805549407
32 9 68.31078955611169
32 17 80.85798692635571
32 21 66.59921001864257
32 25 92.97708908792902
32 28 52.40323962491809
32 29 45.12195679981987
33 15 89.65383122808083
33 16 64.4599285226939
33 24 13.673020988942419
33 32 80.47114515379498
34 9 50.82070713982822
34 12 70.85252427923064
34 17 89.83434022543342
34 20 51.615115004300826
34 28 49.305819084490494
34 32 66.11463123567712
35 1 72.84619074211689
35 16 63.21134254932777
35 17 61.52925832246216
35 19 75.87228383791302
35 20 95.62140921802032
35 26 8.038158137401386
35 31 61.23583219011793
35 33 18.2034576574991
36 1 48.286090507926545
36 8 97.00853552029098
36 13 15.613334369025688
36 17 67.67916627841063
36 20 50.81932014235376
36 30 58.46017949550889
37 3 90.05422556212427
37 6 27.691435128645445
37 8 36.68580935201435
37 10 96.0440119447894
37 13 77.4971334467719
37 15 62.492672321460375
37 20 28.56184073877033
37 26 37.783802469717784
37 29 57.60625994693177
37 30 93.54514749879085
37 36 83.26308230618238
38 11 61.317960161920524
38 12 66.7574444778538
38 23 74.44814609732835
38 25 11.960020014265815
38 27 4.542557127077373
38 28 52.64067978819692
38 29 21.458935453087832
38 34 72.74241669447154
38 36 95.99704251409217
39 3 61.850542839906566
39 5 51.36578808601466
39 8 76.3034695074645
39 12 79.01408435805838
39 16 97.78964088970787
39 20 84.76973831492317
39 21 38.839196282008544
39 28 46.487383273991846
39 29 40.596799375944094
39 30 67.21773320241941
39 32 40.63204320557479
39 33 33.34827653670177
39 34 42.66817374838359
40 4 58.13203405859437
40 5 10.056818188496363
40 7 6.767777642639227
40 8 45.65897973027185
40 9 31.37731242582464
40 13 18.914272436168776
40 18 19.37269732848038
40 24 3.9208288979032937
40 28 68.14940135781768
40 32 67.13370286822617
40 35 50.60712108713285
40 38 69.4234224311682
41 0 53.95261274736443
41 3 67.27023352065598
41 18 28.0128688943745
41 21 2.4263090685737834
41 30 26.37416147326863
41 33 42.04527849224976
41 39 2.3798779128797123
42 2 48.906675062325775
42 5 34.268318435130496
42 13 37.71477875473785
42 16 20.954062097227098
42 19 25.627104371113884
42 21 61.04306260414414
42 25 2.375233197793402
42 28 79.96520796842587
42 33 51.35393734495418
42 40 80.03424804166823
43 2 55.85819107395754
43 3 41.94717142068851
43 19 21.788843464390226
43 20 67.37040829605873
43 21 23.287604010295837
43 28 3.957099193816626
43 29 65.46589584857038
43 30 22.88324508552154
43 33 69.76871040432759
43 38 8.813052024319623
43 39 74.58674155550418
43 42 97.54960091872151
44 4 46.6868535118076
44 5 13.808537648190399
44 8 80.52742275358732
44 10 71.36330369720055
44 12 45.87092269191076
44 13 5.012230465179423
44 15 80.84611818182766
44 20 95.53323892147661
44 21 35.778679262799
44 26 79.08338620291832
44 30 1.1408996786191885
44 35 52.42967898376869
44 41 41.28842342168022
45 1 33.18462418892803
45 10 39.24304384765418
45 14 17.004632694823528
45 24 23.36040338347983
45 31 45.44055540509979
45 37 23.680804897430907
45 41 94.04120517540422
45 42 53.682064643641915
46 5 15.236100431515364
46 9 30.163651828311632
46 11 11.435461467607055
46 13 45.24982840673643
46 16 60.96290267759979
46 19 84.42893856039107
46 25 2.1027153042353355
46 29 91.12016659729247
46 36 88.20162888587689
46 37 52.3103882931691
46 38 14.0673969465118
46 42 87.43252950225126
47 1 46.78391784581717
47 5 54.726294275834086
47 12 87.42929573248529
47 24 12.676936673617577
47 25 49.133776376238416
47 29 7.332224353582571
47 35 77.73124654705822
47 37 33.130177206520884
47 40 77.30388591809577
48 1 46.17468410358818
48 3 70.04416829083169
48 5 28.5147588843764
48 6 87.63865363658168
48 13 25.332013647954977
48 25 41.33827737346064
48 32 99.00316852919264
48 34 51.60009769513004
48 43 89.43026387342651
48 46 60.620455404222675
49 1 22.794574578395554
49 2 53.917538365205175
49 4 26.617854275258534
49 9 68.60070409961895
49 11 53.63690274309021
49 13 89.51866059172916
49 22 73.78513784772466
49 35 12.25244722853662
49 39 60.18563467566167
49 47 67.30288250639424
